aesoriltnudcymphbgkfwvzjxq
a: 8393 (10.544%)
e: 7802 (9.80151%)
s: 6537 (8.21231%)
o: 5219 (6.55653%)
r: 5144 (6.46231%)
i: 5067 (6.36558%)
l: 4247 (5.33543%)
t: 4189 (5.26256%)
n: 4044 (5.0804%)
u: 3361 (4.22236%)
d: 2813 (3.53392%)
c: 2744 (3.44724%)
y: 2522 (3.16834%)
m: 2494 (3.13317%)
p: 2299 (2.88819%)
h: 2284 (2.86935%)
b: 2090 (2.62563%)
g: 1971 (2.47613%)
k: 1743 (2.1897%)
f: 1238 (1.55528%)
w: 1171 (1.47111%)
v: 878 (1.10302%)
z: 474 (0.595477%)
j: 376 (0.472362%)
x: 361 (0.453518%)
q: 139 (0.174623%)
